27
1.5000 1.5000 1.5000
1.8062 1.2500 1.8062
2.1124 1.0000 2.1124
1.6768 1.9330 1.6768
1.9830 1.6830 1.9830
2.2891 1.4330 2.2891
1.8536 2.3660 1.8536
2.1597 2.1160 2.1597
2.4659 1.8660 2.4659
1.8536 1.5000 1.1464
2.1597 1.2500 1.4526
2.4659 1.0000 1.7588
2.0303 1.9330 1.3232
2.3365 1.6830 1.6294
2.6427 1.4330 1.9356
2.2071 2.3660 1.5000
2.5133 2.1160 1.8062
2.8195 1.8660 2.1124
2.2071 1.5000 0.7929
2.5133 1.2500 1.0991
2.8195 1.0000 1.4053
2.3839 1.9330 0.9697
2.6901 1.6830 1.2759
2.9963 1.4330 1.5820
2.5607 2.3660 1.1464
2.8668 2.1160 1.4526
3.1730 1.8660 1.7588
